device NVIDIA GB10 sm_121 48 SMs, torch 2.13.0a0+9186a08b2c.nv26.07
projection        N      K  rows  cuda ms  mojo ms  cuda TF  mojo TF   speedup
attn q        12288   5120   512    0.717    0.702     89.8     91.8     1.023
attn q        12288   5120  1024    1.452    1.373     88.7     93.9     1.058
attn q        12288   5120  2048    2.896    2.728     89.0     94.5     1.062
attn q        12288   5120  4096    5.729    5.428     90.0     95.0     1.056
attn kv        2048   5120   512    0.182    0.173     59.1     62.1     1.050
attn kv        2048   5120  1024    0.284    0.262     75.5     82.0     1.086
attn kv        2048   5120  2048    0.534    0.526     80.4     81.6     1.015
attn kv        2048   5120  4096    1.000    0.945     85.9     90.9     1.058
attn o         5120   6144   512    0.431    0.407     74.7     79.2     1.061
attn o         5120   6144  1024    0.772    0.720     83.5     89.5     1.072
attn o         5120   6144  2048    1.503    1.419     85.7     90.8     1.059
attn o         5120   6144  4096    2.914    2.754     88.4     93.6     1.058
gdn qkv       10240   5120   512    0.646    0.608     83.1     88.4     1.063
gdn qkv       10240   5120  1024    1.256    1.184     85.5     90.7     1.061
gdn qkv       10240   5120  2048    2.435    2.299     88.2     93.4     1.059
gdn qkv       10240   5120  4096    4.837    4.579     88.8     93.8     1.056
gdn zba        6240   5120   512    0.452    0.422     72.3     77.5     1.072
gdn zba        6240   5120  1024    0.804    0.759     81.4     86.2     1.059
gdn zba        6240   5120  2048    1.527    1.442     85.7     90.7     1.059
gdn zba        6240   5120  4096    2.975    2.819     88.0     92.8     1.055
gdn out        5120   6144   512    0.433    0.408     74.5     79.0     1.061
gdn out        5120   6144  1024    0.770    0.723     83.7     89.2     1.065
gdn out        5120   6144  2048    1.509    1.424     85.4     90.5     1.059
gdn out        5120   6144  4096    2.928    2.764     88.0     93.2     1.059
mlp gate/up   17408   5120   512    1.082    1.020     84.3     89.5     1.061
mlp gate/up   17408   5120  1024    2.077    1.962     87.9     93.0     1.058
mlp gate/up   17408   5120  2048    4.145    3.932     88.1     92.8     1.054
mlp gate/up   17408   5120  4096    8.230    7.804     88.7     93.6     1.055
mlp down       5120  17408   512    1.201    1.158     76.0     78.8     1.037
mlp down       5120  17408  1024    2.169    2.044     84.2     89.3     1.061
mlp down       5120  17408  2048    4.316    4.092     84.6     89.2     1.055
mlp down       5120  17408  4096    8.421    7.970     86.7     91.6     1.057
speed mojo/cuda (cuda time / mojo time): min 1.015, median 1.059, max 1.086
