# AMD Radeon AI PRO R9700 pci_bus_id=7 gfx1201 torch 2.11.0+rocm7.14
| shape | N | K | rows | wmma us | mojo us | wmma GB/s | mojo GB/s | mojo/wmma |
|---|---|---|---|---|---|---|---|---|
| attn q | 12288 | 5120 | 1 | 55.5 | 53.4 | 637 | 662 | 0.962 |
| attn q | 12288 | 5120 | 4 | 55.6 | 54.2 | 636 | 653 | 0.975 |
| attn q | 12288 | 5120 | 12 | 56.6 | 55.7 | 625 | 635 | 0.984 |
| attn q | 12288 | 5120 | 16 | 57.0 | 56.2 | 621 | 629 | 0.987 |
| attn k/v | 1024 | 5120 | 1 | 11.8 | 8.7 | 249 | 339 | 0.734 |
| attn k/v | 1024 | 5120 | 4 | 13.5 | 10.4 | 219 | 283 | 0.776 |
| attn k/v | 1024 | 5120 | 12 | 16.4 | 12.8 | 179 | 230 | 0.782 |
| attn k/v | 1024 | 5120 | 16 | 16.3 | 12.9 | 181 | 228 | 0.792 |
| attn kv | 2048 | 5120 | 1 | 15.3 | 13.3 | 385 | 444 | 0.868 |
| attn kv | 2048 | 5120 | 4 | 16.9 | 14.9 | 349 | 395 | 0.885 |
| attn kv | 2048 | 5120 | 12 | 19.7 | 17.2 | 299 | 343 | 0.872 |
| attn kv | 2048 | 5120 | 16 | 19.7 | 17.3 | 299 | 342 | 0.875 |
| attn qkv | 14336 | 5120 | 1 | 64.2 | 61.9 | 643 | 667 | 0.964 |
| attn qkv | 14336 | 5120 | 4 | 65.1 | 62.7 | 634 | 658 | 0.963 |
| attn qkv | 14336 | 5120 | 12 | 67.8 | 65.0 | 609 | 635 | 0.959 |
| attn qkv | 14336 | 5120 | 16 | 68.4 | 65.4 | 604 | 631 | 0.956 |
| attn o / gdn out | 5120 | 6144 | 1 | 31.7 | 29.5 | 557 | 600 | 0.930 |
| attn o / gdn out | 5120 | 6144 | 4 | 32.5 | 30.3 | 544 | 583 | 0.933 |
| attn o / gdn out | 5120 | 6144 | 12 | 34.7 | 31.9 | 510 | 554 | 0.919 |
| attn o / gdn out | 5120 | 6144 | 16 | 35.0 | 32.2 | 505 | 549 | 0.920 |
| gdn qkv | 10240 | 5120 | 1 | 48.0 | 45.3 | 615 | 651 | 0.945 |
| gdn qkv | 10240 | 5120 | 4 | 47.8 | 45.8 | 616 | 644 | 0.957 |
| gdn qkv | 10240 | 5120 | 12 | 49.6 | 46.9 | 594 | 629 | 0.944 |
| gdn qkv | 10240 | 5120 | 16 | 50.9 | 47.7 | 580 | 619 | 0.937 |
| gdn z | 6144 | 5120 | 1 | 30.5 | 29.1 | 580 | 608 | 0.954 |
| gdn z | 6144 | 5120 | 4 | 31.2 | 30.4 | 567 | 583 | 0.973 |
| gdn z | 6144 | 5120 | 12 | 33.0 | 32.1 | 535 | 551 | 0.972 |
| gdn z | 6144 | 5120 | 16 | 33.2 | 32.4 | 533 | 545 | 0.978 |
| gdn a/b | 48 | 5120 | 1 | 10.6 | 7.4 | 13 | 19 | 0.692 |
| gdn a/b | 48 | 5120 | 4 | 12.0 | 8.8 | 12 | 16 | 0.733 |
| gdn a/b | 48 | 5120 | 12 | 14.3 | 10.5 | 10 | 13 | 0.734 |
| gdn a/b | 48 | 5120 | 16 | 14.2 | 10.4 | 10 | 13 | 0.734 |
| gdn zba | 6240 | 5120 | 1 | 32.8 | 30.2 | 548 | 595 | 0.922 |
| gdn zba | 6240 | 5120 | 4 | 33.3 | 30.8 | 540 | 583 | 0.927 |
| gdn zba | 6240 | 5120 | 12 | 34.4 | 31.8 | 523 | 565 | 0.926 |
| gdn zba | 6240 | 5120 | 16 | 34.6 | 32.0 | 520 | 562 | 0.925 |
| gdn proj | 16480 | 5120 | 1 | 75.9 | 71.0 | 625 | 669 | 0.935 |
| gdn proj | 16480 | 5120 | 4 | 78.2 | 72.2 | 607 | 657 | 0.924 |
| gdn proj | 16480 | 5120 | 12 | 85.0 | 75.0 | 559 | 633 | 0.883 |
| gdn proj | 16480 | 5120 | 16 | 85.9 | 75.9 | 553 | 625 | 0.884 |
| mlp gate/up | 17408 | 5120 | 1 | 83.3 | 75.2 | 602 | 667 | 0.903 |
| mlp gate/up | 17408 | 5120 | 4 | 85.3 | 76.8 | 587 | 653 | 0.900 |
| mlp gate/up | 17408 | 5120 | 12 | 92.2 | 80.0 | 544 | 626 | 0.868 |
| mlp gate/up | 17408 | 5120 | 16 | 92.9 | 81.3 | 540 | 617 | 0.875 |
| mlp gu | 34816 | 5120 | 1 | 151.6 | 147.9 | 661 | 678 | 0.975 |
| mlp gu | 34816 | 5120 | 4 | 154.0 | 150.0 | 651 | 668 | 0.975 |
| mlp gu | 34816 | 5120 | 12 | 160.2 | 154.8 | 626 | 648 | 0.966 |
| mlp gu | 34816 | 5120 | 16 | 163.0 | 158.0 | 615 | 635 | 0.969 |
| mlp down | 5120 | 17408 | 1 | 78.6 | 74.7 | 638 | 671 | 0.950 |
| mlp down | 5120 | 17408 | 4 | 81.1 | 77.1 | 618 | 650 | 0.951 |
| mlp down | 5120 | 17408 | 12 | 86.8 | 80.9 | 578 | 620 | 0.932 |
| mlp down | 5120 | 17408 | 16 | 87.8 | 81.9 | 571 | 612 | 0.932 |
# worst mojo/wmma 0.987

# two-tile kernel (rows 17-32, wmma_mt2), outside the acceptance rows
| shape | N | K | rows | wmma us | mojo us | wmma GB/s | mojo GB/s | mojo/wmma |
|---|---|---|---|---|---|---|---|---|
| attn q | 12288 | 5120 | 24 | 75.6 | 75.1 | 468 | 471 | 0.993 |
| attn q | 12288 | 5120 | 32 | 74.3 | 73.1 | 476 | 484 | 0.983 |
| attn k/v | 1024 | 5120 | 24 | 24.0 | 19.3 | 123 | 153 | 0.803 |
| attn k/v | 1024 | 5120 | 32 | 25.0 | 19.5 | 118 | 151 | 0.781 |
| attn kv | 2048 | 5120 | 24 | 28.0 | 23.6 | 211 | 250 | 0.845 |
| attn kv | 2048 | 5120 | 32 | 28.5 | 24.0 | 207 | 246 | 0.840 |
| attn qkv | 14336 | 5120 | 24 | 113.2 | 79.0 | 365 | 522 | 0.698 |
| attn qkv | 14336 | 5120 | 32 | 122.3 | 80.7 | 337 | 511 | 0.660 |
| attn o / gdn out | 5120 | 6144 | 24 | 48.4 | 47.9 | 366 | 369 | 0.991 |
| attn o / gdn out | 5120 | 6144 | 32 | 49.1 | 49.0 | 360 | 361 | 0.996 |
| gdn qkv | 10240 | 5120 | 24 | 69.4 | 70.6 | 425 | 418 | 1.017 |
| gdn qkv | 10240 | 5120 | 32 | 71.3 | 71.2 | 414 | 414 | 0.999 |
| gdn z | 6144 | 5120 | 24 | 44.6 | 43.2 | 397 | 410 | 0.969 |
| gdn z | 6144 | 5120 | 32 | 44.6 | 43.6 | 397 | 406 | 0.978 |
| gdn a/b | 48 | 5120 | 24 | 21.3 | 16.2 | 6 | 9 | 0.760 |
| gdn a/b | 48 | 5120 | 32 | 21.7 | 16.0 | 6 | 9 | 0.737 |
| gdn zba | 6240 | 5120 | 24 | 62.0 | 44.3 | 290 | 406 | 0.715 |
| gdn zba | 6240 | 5120 | 32 | 63.7 | 44.6 | 282 | 403 | 0.700 |
| gdn proj | 16480 | 5120 | 24 | 116.4 | 106.4 | 408 | 446 | 0.914 |
| gdn proj | 16480 | 5120 | 32 | 126.9 | 111.3 | 374 | 426 | 0.877 |
| mlp gate/up | 17408 | 5120 | 24 | 128.5 | 133.3 | 390 | 376 | 1.037 |
| mlp gate/up | 17408 | 5120 | 32 | 134.8 | 137.2 | 372 | 365 | 1.018 |
| mlp gu | 34816 | 5120 | 24 | 209.2 | 226.2 | 479 | 443 | 1.081 |
| mlp gu | 34816 | 5120 | 32 | 220.2 | 223.8 | 455 | 448 | 1.016 |
| mlp down | 5120 | 17408 | 24 | 117.2 | 120.8 | 428 | 415 | 1.031 |
| mlp down | 5120 | 17408 | 32 | 123.8 | 124.3 | 405 | 403 | 1.004 |
